Parsing=0.00123
Instantiation=0.00392
Fluent_Copying=0.000305
Init_And_Goal_Copying=1.1e-05
Operators_Copying=0.00328
