Parsing=0.00132
Instantiation=0.00293
Fluent_Copying=0.000154
Init_And_Goal_Copying=7e-06
Operators_Copying=0.00022
